# Distance matrix from Eurovision score data. Doesn't abide by metric axioms
#
0.0000 0.7132 0.4824 0.7230 0.7190 1.0519 1.2027 0.7014 0.5366 0.7443 0.9175 1.0326 1.6182 0.5983 1.6987 0.7396 0.8103 0.8195 0.9348 1.2493 0.6812 1.0619 0.7548 1.3015 1.3467 1.3044 0.8594 0.9873 1.2067 0.9958 0.6954 0.6109 3.0527 0.6248 2.0843 2.0260 2.5178 2.5041 2.9888 4.1533 2.7370 3.8563 1.6842
0.7132 0.0000 0.7496 0.7210 0.7283 0.8826 0.6164 0.7628 0.5910 0.8747 0.8183 0.8171 1.5805 0.6855 0.7462 0.9366 0.8362 1.0271 1.2257 0.9744 1.0585 0.9140 1.3484 1.0132 0.9307 1.2057 0.5549 1.0444 1.1224 1.2801 1.0413 2.4845 2.5868 0.9082 2.3729 0.8323 3.4689 3.0424 1.2659 1.4597 1.1776 3.4543 3.3228
0.4824 0.7496 0.0000 0.7017 0.9445 1.3597 0.9420 0.6272 0.5048 0.7986 1.0282 1.0157 0.9814 0.7056 0.7617 1.0994 0.9182 0.9731 0.7723 0.7954 0.6266 1.1424 0.6118 1.5733 1.7956 1.4368 1.0388 1.1116 1.5249 1.4854 0.9286 0.9391 2.7390 0.9635 1.8727 1.5729 3.7525 2.2385 0.9986 2.4556 2.3403 3.6991 2.6106
0.7230 0.7210 0.7017 0.0000 0.7405 0.6518 0.5931 0.8352 0.7129 1.0630 0.7922 1.0002 1.0456 1.0627 0.8803 1.0028 1.2956 0.8797 1.0281 0.8964 0.7542 0.8107 0.9870 1.1013 1.3357 1.2683 1.1134 0.8982 2.3510 1.6775 3.2706 1.6951 1.6568 0.9445 3.7900 0.8559 2.8134 1.8476 3.9986 2.4156 0.7611 3.6619 2.9166
0.7190 0.7283 0.9445 0.7405 0.0000 1.0830 0.7927 1.0097 0.7587 0.9123 0.8117 1.0252 1.0135 0.7347 0.6345 0.9176 0.4669 1.0852 1.2369 0.6904 0.7760 0.9472 1.0299 1.6426 1.0592 1.0455 1.1981 0.6791 1.5237 1.6180 0.8276 1.0513 2.0238 1.4239 1.8290 1.7213 2.7070 3.1808 2.7801 0.6599 2.2548 2.1262 1.5680
1.0519 0.8826 1.3597 0.6518 1.0830 0.0000 0.9484 0.7944 0.8884 1.2980 0.7388 0.5467 1.0794 1.6522 1.1194 1.5183 1.3368 0.9584 0.7856 1.2986 0.7334 1.2936 0.5878 3.0537 1.1043 0.8883 0.5086 2.1797 1.2383 0.7538 1.0886 0.9812 1.0657 0.8757 1.6265 0.3849 2.1450 0.9125 4.1045 4.0914 0.9934 3.4372 5.0733
1.2027 0.6164 0.9420 0.5931 0.7927 0.9484 0.0000 1.4567 0.5060 0.9615 0.5563 0.4028 1.2021 1.3908 2.0823 1.2039 0.7543 1.2040 1.3309 1.0842 1.2460 0.6931 1.6321 1.0792 1.8377 1.5392 1.7060 1.0334 1.8413 0.8120 1.5239 1.6633 3.0165 0.8357 0.8614 1.6900 1.3998 0.5971 1.1564 1.5625 1.0549 1.4756 1.6487
0.7014 0.7628 0.6272 0.8352 1.0097 0.7944 1.4567 0.0000 1.2519 0.9348 0.9117 0.9686 1.2127 0.8380 0.9166 1.3645 0.9856 1.4398 1.5139 1.0978 0.8682 1.0305 1.0540 1.0342 0.5510 0.7895 0.7788 0.8090 1.5176 0.9391 0.9354 2.6621 1.4134 1.1496 1.6556 0.8395 1.7462 1.0974 0.6263 1.4325 1.4037 2.1647 2.0529
0.5366 0.5910 0.5048 0.7129 0.7587 0.8884 0.5060 1.2519 0.0000 0.7832 0.4754 0.6505 1.5234 1.1516 1.3740 0.9680 0.7015 1.2717 1.3433 0.6828 0.6707 1.1286 0.3685 4.3890 4.7024 2.6884 3.9563 4.5455 6.3037 4.8684 4.5077 3.9177 3.8718 4.5434 6.1783 4.3860 4.1556 4.7009 4.4974 5.3590 5.7489 4.8117 6.0079
0.7443 0.8747 0.7986 1.0630 0.9123 1.2980 0.9615 0.9348 0.7832 0.0000 1.0569 1.3024 1.9225 0.4863 1.2882 0.5726 1.0359 0.5798 1.1581 0.9404 0.8517 0.5393 0.9385 2.0733 0.8239 1.2005 1.2154 0.8321 1.5484 1.1545 0.5676 1.3025 1.6458 0.8249 1.4420 1.0390 1.9973 1.8452 3.1344 1.1387 0.8504 1.7172 1.7682
0.9175 0.8183 1.0282 0.7922 0.8117 0.7388 0.5563 0.9117 0.4754 1.0569 0.0000 0.8064 0.9855 0.9790 1.0278 1.2207 0.7152 0.9552 1.1111 0.6203 0.7167 1.0120 2.3835 1.4214 0.8043 1.2221 0.7800 1.3830 1.3055 1.4903 0.9154 1.3302 3.5595 1.5088 2.7678 1.5348 3.0726 2.3388 2.5929 0.5084 1.1153 3.2627 2.8615
1.0326 0.8171 1.0157 1.0002 1.0252 0.5467 0.4028 0.9686 0.6505 1.3024 0.8064 0.0000 0.7044 1.5998 1.0852 1.2646 0.6862 0.9629 0.8124 0.7941 0.8343 1.0905 0.9551 1.1692 1.8700 1.3462 1.3435 1.2692 1.3624 0.5954 1.5121 1.7252 3.3236 1.5336 1.4622 1.1433 3.9194 1.4582 1.1652 0.9572 2.8425 2.2241 2.5613
1.6182 1.5805 0.9814 1.0456 1.0135 1.0794 1.2021 1.2127 1.5234 1.9225 0.9855 0.7044 0.0000 2.0960 1.5732 1.2912 0.9832 1.1589 0.3161 1.3156 1.1429 1.3387 0.8409 1.1471 1.5173 1.5458 1.0907 1.3248 0.9058 0.5579 1.8573 1.7172 1.9181 2.0362 1.1310 0.3447 0.7699 0.9040 0.4235 0.5016 0.8427 0.8174 0.7044
0.5983 0.6855 0.7056 1.0627 0.7347 1.6522 1.3908 0.8380 1.1516 0.4863 0.9790 1.5998 2.0960 0.0000 1.5616 0.5722 0.9610 0.8712 0.9801 1.1580 1.5943 0.4010 0.8447 2.3055 1.6185 1.1162 1.1354 0.8812 1.2563 0.9166 0.6372 1.0969 2.5900 0.6950 1.4626 1.7619 2.3830 1.7589 1.9533 2.3589 1.7267 2.3810 1.5272
1.6987 0.7462 0.7617 0.8803 0.6345 1.1194 2.0823 0.9166 1.3740 1.2882 1.0278 1.0852 1.5732 1.5616 0.0000 1.5619 0.8568 1.3000 3.3428 1.6701 0.5518 1.7397 0.8239 1.0494 0.4317 1.9594 2.4101 1.0082 1.5055 0.6307 2.1118 2.5312 0.4083 3.9848 0.9678 0.4029 1.7270 1.3202 0.4412 1.0450 5.9374 0.5658 0.3581
0.7396 0.9366 1.0994 1.0028 0.9176 1.5183 1.2039 1.3645 0.9680 0.5726 1.2207 1.2646 1.2912 0.5722 1.5619 0.0000 1.0774 0.6290 1.0606 1.0446 1.4947 0.5091 1.0726 1.3687 0.9213 1.1699 0.7263 0.8736 1.1008 0.9087 0.7354 0.6560 2.8253 0.6697 1.3994 1.3791 1.8621 1.3147 1.7464 2.1336 0.8250 3.1278 1.2699
0.8103 0.8362 0.9182 1.2956 0.4669 1.3368 0.7543 0.9856 0.7015 1.0359 0.7152 0.6862 0.9832 0.9610 0.8568 1.0774 0.0000 1.1082 1.1711 1.1691 0.6937 1.0158 1.2460 1.9996 1.5298 1.6211 0.9334 0.7453 0.9081 0.9237 1.1074 1.1141 2.7855 0.9067 1.6163 1.0508 2.8699 1.2603 1.7816 0.9640 1.1363 0.9506 1.7679
0.8195 1.0271 0.9731 0.8797 1.0852 0.9584 1.2040 1.4398 1.2717 0.5798 0.9552 0.9629 1.1589 0.8712 1.3000 0.6290 1.1082 0.0000 1.0360 0.8570 0.8606 0.4706 1.3016 1.5221 1.0539 1.2619 1.2857 0.6304 0.9029 1.6173 0.3343 0.9585 2.2560 0.7944 1.3814 1.6342 1.3383 1.7003 1.3701 2.6312 1.3341 2.5687 1.8678
0.9348 1.2257 0.7723 1.0281 1.2369 0.7856 1.3309 1.5139 1.3433 1.1581 1.1111 0.8124 0.3161 0.9801 3.3428 1.0606 1.1711 1.0360 0.0000 0.9171 0.3953 1.0224 0.9278 0.9817 4.1645 1.4212 1.6099 1.3270 0.9553 0.7119 1.4545 1.1093 2.7305 1.2820 0.9061 1.1719 0.9691 2.0426 0.4055 0.5842 0.9783 1.7999 1.2096
1.2493 0.9744 0.7954 0.8964 0.6904 1.2986 1.0842 1.0978 0.6828 0.9404 0.6203 0.7941 1.3156 1.1580 1.6701 1.0446 1.1691 0.8570 0.9171 0.0000 0.5008 1.1384 0.9438 1.8052 2.4340 1.0517 1.6752 1.0479 0.7136 0.6450 1.5523 1.7233 2.0742 1.8862 0.8802 1.5013 0.6549 1.1566 1.9089 0.6358 1.3906 0.8704 0.6369
0.6812 1.0585 0.6266 0.7542 0.7760 0.7334 1.2460 0.8682 0.6707 0.8517 0.7167 0.8343 1.1429 1.5943 0.5518 1.4947 0.6937 0.8606 0.3953 0.5008 0.0000 1.2910 0.6894 4.6090 4.9225 4.1058 4.1764 4.7655 6.5237 5.0884 4.7278 4.1377 4.0918 4.7634 6.3983 4.6061 4.3757 4.9210 4.7174 5.5791 5.9689 5.0317 6.2279
1.0619 0.9140 1.1424 0.8107 0.9472 1.2936 0.6931 1.0305 1.1286 0.5393 1.0120 1.0905 1.3387 0.4010 1.7397 0.5091 1.0158 0.4706 1.0224 1.1384 1.2910 0.0000 1.2060 1.6890 2.3279 1.2173 1.1099 0.5191 1.5589 1.3749 0.6497 0.9425 3.1219 0.7877 1.6818 1.3322 1.3901 1.3786 1.9764 1.5975 1.2960 3.1999 1.9096
0.7548 1.3484 0.6118 0.9870 1.0299 0.5878 1.6321 1.0540 0.3685 0.9385 2.3835 0.9551 0.8409 0.8447 0.8239 1.0726 1.2460 1.3016 0.9278 0.9438 0.6894 1.2060 0.0000 0.7085 1.2551 1.5529 1.5787 1.7826 1.3562 0.8944 1.1950 1.2181 1.1832 0.7962 1.0218 0.9982 0.8476 4.2499 1.5262 1.2299 1.2096 0.9819 0.5497
1.3015 1.0132 1.5733 1.1013 1.6426 3.0537 1.0792 1.0342 4.3890 2.0733 1.4214 1.1692 1.1471 2.3055 1.0494 1.3687 1.9996 1.5221 0.9817 1.8052 4.6090 1.6890 0.7085 0.0000 0.3481 0.3352 1.6256 0.8947 1.2347 1.8329 1.7821 1.3697 0.3056 1.0617 0.8417 0.6643 2.2237 1.5215 1.0696 4.2113 0.3588 1.3663 0.8729
1.3467 0.9307 1.7956 1.3357 1.0592 1.1043 1.8377 0.5510 4.7024 0.8239 0.8043 1.8700 1.5173 1.6185 0.4317 0.9213 1.5298 1.0539 4.1645 2.4340 4.9225 2.3279 1.2551 0.3481 0.0000 0.3754 1.3746 3.3678 2.1042 1.5781 3.3632 2.8636 0.3285 3.4362 1.4570 0.4993 1.6724 1.7601 1.0574 1.4467 0.3567 2.8748 1.1342
1.3044 1.2057 1.4368 1.2683 1.0455 0.8883 1.5392 0.7895 2.6884 1.2005 1.2221 1.3462 1.5458 1.1162 1.9594 1.1699 1.6211 1.2619 1.4212 1.0517 4.1058 1.2173 1.5529 0.3352 0.3754 0.0000 1.1575 1.2044 0.8473 1.1975 1.3567 1.2196 0.3676 0.7931 1.3154 0.8896 1.5118 1.4939 1.0320 2.1002 0.3807 2.0501 1.4288
0.8594 0.5549 1.0388 1.1134 1.1981 0.5086 1.7060 0.7788 3.9563 1.2154 0.7800 1.3435 1.0907 1.1354 2.4101 0.7263 0.9334 1.2857 1.6099 1.6752 4.1764 1.1099 1.5787 1.6256 1.3746 1.1575 0.0000 0.6708 1.1064 1.0345 1.0539 0.5624 2.7959 0.9085 0.4520 1.4494 0.6155 1.2440 4.8618 0.9475 1.8272 0.9294 1.1250
0.9873 1.0444 1.1116 0.8982 0.6791 2.1797 1.0334 0.8090 4.5455 0.8321 1.3830 1.2692 1.3248 0.8812 1.0082 0.8736 0.7453 0.6304 1.3270 1.0479 4.7655 0.5191 1.7826 0.8947 3.3678 1.2044 0.6708 0.0000 1.0651 0.7226 0.6896 1.9057 2.9476 1.4295 0.9033 0.9312 1.7335 1.4528 0.6681 3.0658 0.6657 1.1820 0.7499
1.2067 1.1224 1.5249 2.3510 1.5237 1.2383 1.8413 1.5176 6.3037 1.5484 1.3055 1.3624 0.9058 1.2563 1.5055 1.1008 0.9081 0.9029 0.9553 0.7136 6.5237 1.5589 1.3562 1.2347 2.1042 0.8473 1.1064 1.0651 0.0000 0.9674 0.7162 0.6288 1.4409 0.9175 0.5712 2.0993 0.3968 0.5078 1.3512 0.4343 0.9688 0.5860 0.5485
0.9958 1.2801 1.4854 1.6775 1.6180 0.7538 0.8120 0.9391 4.8684 1.1545 1.4903 0.5954 0.5579 0.9166 0.6307 0.9087 0.9237 1.6173 0.7119 0.6450 5.0884 1.3749 0.8944 1.8329 1.5781 1.1975 1.0345 0.7226 0.9674 0.0000 2.4472 2.5649 0.8766 2.4360 1.6392 1.4350 1.6615 0.2931 1.4944 1.1439 1.4567 2.5267 0.6822
0.6954 1.0413 0.9286 3.2706 0.8276 1.0886 1.5239 0.9354 4.5077 0.5676 0.9154 1.5121 1.8573 0.6372 2.1118 0.7354 1.1074 0.3343 1.4545 1.5523 4.7278 0.6497 1.1950 1.7821 3.3632 1.3567 1.0539 0.6896 0.7162 2.4472 0.0000 0.5397 2.8659 0.3394 0.9375 3.4246 0.9659 1.4864 3.0872 2.0916 4.0695 0.8406 1.1601
0.6109 2.4845 0.9391 1.6951 1.0513 0.9812 1.6633 2.6621 3.9177 1.3025 1.3302 1.7252 1.7172 1.0969 2.5312 0.6560 1.1141 0.9585 1.1093 1.7233 4.1377 0.9425 1.2181 1.3697 2.8636 1.2196 0.5624 1.9057 0.6288 2.5649 0.5397 0.0000 3.1367 0.2872 0.7798 4.7118 0.4844 1.0709 2.6197 3.2148 1.6097 0.3259 0.7159
3.0527 2.5868 2.7390 1.6568 2.0238 1.0657 3.0165 1.4134 3.8718 1.6458 3.5595 3.3236 1.9181 2.5900 0.4083 2.8253 2.7855 2.2560 2.7305 2.0742 4.0918 3.1219 1.1832 0.3056 0.3285 0.3676 2.7959 2.9476 1.4409 0.8766 2.8659 3.1367 0.0000 2.9120 0.9806 0.2529 1.1740 1.3585 0.3673 1.0608 0.3135 1.9426 2.7408
0.6248 0.9082 0.9635 0.9445 1.4239 0.8757 0.8357 1.1496 4.5434 0.8249 1.5088 1.5336 2.0362 0.6950 3.9848 0.6697 0.9067 0.7944 1.2820 1.8862 4.7634 0.7877 0.7962 1.0617 3.4362 0.7931 0.9085 1.4295 0.9175 2.4360 0.3394 0.2872 2.9120 0.0000 1.2776 3.8380 0.7157 1.4254 3.7025 2.6193 2.9024 0.6578 1.0575
2.0843 2.3729 1.8727 3.7900 1.8290 1.6265 0.8614 1.6556 6.1783 1.4420 2.7678 1.4622 1.1310 1.4626 0.9678 1.3994 1.6163 1.3814 0.9061 0.8802 6.3983 1.6818 1.0218 0.8417 1.4570 1.3154 0.4520 0.9033 0.5712 1.6392 0.9375 0.7798 0.9806 1.2776 0.0000 2.3640 0.3984 0.4863 1.1074 0.5293 1.0255 0.4379 0.4828
2.0260 0.8323 1.5729 0.8559 1.7213 0.3849 1.6900 0.8395 4.3860 1.0390 1.5348 1.1433 0.3447 1.7619 0.4029 1.3791 1.0508 1.6342 1.1719 1.5013 4.6061 1.3322 0.9982 0.6643 0.4993 0.8896 1.4494 0.9312 2.0993 1.4350 3.4246 4.7118 0.2529 3.8380 2.3640 0.0000 2.5925 1.9728 1.5152 3.2356 2.5285 2.6093 1.0338
2.5178 3.4689 3.7525 2.8134 2.7070 2.1450 1.3998 1.7462 4.1556 1.9973 3.0726 3.9194 0.7699 2.3830 1.7270 1.8621 2.8699 1.3383 0.9691 0.6549 4.3757 1.3901 0.8476 2.2237 1.6724 1.5118 0.6155 1.7335 0.3968 1.6615 0.9659 0.4844 1.1740 0.7157 0.3984 2.5925 0.0000 0.4025 2.2925 0.4828 1.3447 0.3899 0.5523
2.5041 3.0424 2.2385 1.8476 3.1808 0.9125 0.5971 1.0974 4.7009 1.8452 2.3388 1.4582 0.9040 1.7589 1.3202 1.3147 1.2603 1.7003 2.0426 1.1566 4.9210 1.3786 4.2499 1.5215 1.7601 1.4939 1.2440 1.4528 0.5078 0.2931 1.4864 1.0709 1.3585 1.4254 0.4863 1.9728 0.4025 0.0000 0.8811 1.0634 1.4168 0.6081 0.5779
2.9888 1.2659 0.9986 3.9986 2.7801 4.1045 1.1564 0.6263 4.4974 3.1344 2.5929 1.1652 0.4235 1.9533 0.4412 1.7464 1.7816 1.3701 0.4055 1.9089 4.7174 1.9764 1.5262 1.0696 1.0574 1.0320 4.8618 0.6681 1.3512 1.4944 3.0872 2.6197 0.3673 3.7025 1.1074 1.5152 2.2925 0.8811 0.0000 0.6914 0.6035 1.2968 0.8165
4.1533 1.4597 2.4556 2.4156 0.6599 4.0914 1.5625 1.4325 5.3590 1.1387 0.5084 0.9572 0.5016 2.3589 1.0450 2.1336 0.9640 2.6312 0.5842 0.6358 5.5791 1.5975 1.2299 4.2113 1.4467 2.1002 0.9475 3.0658 0.4343 1.1439 2.0916 3.2148 1.0608 2.6193 0.5293 3.2356 0.4828 1.0634 0.6914 0.0000 1.9705 0.3455 6.3710
2.7370 1.1776 2.3403 0.7611 2.2548 0.9934 1.0549 1.4037 5.7489 0.8504 1.1153 2.8425 0.8427 1.7267 5.9374 0.8250 1.1363 1.3341 0.9783 1.3906 5.9689 1.2960 1.2096 0.3588 0.3567 0.3807 1.8272 0.6657 0.9688 1.4567 4.0695 1.6097 0.3135 2.9024 1.0255 2.5285 1.3447 1.4168 0.6035 1.9705 0.0000 1.6537 3.3579
3.8563 3.4543 3.6991 3.6619 2.1262 3.4372 1.4756 2.1647 4.8117 1.7172 3.2627 2.2241 0.8174 2.3810 0.5658 3.1278 0.9506 2.5687 1.7999 0.8704 5.0317 3.1999 0.9819 1.3663 2.8748 2.0501 0.9294 1.1820 0.5860 2.5267 0.8406 0.3259 1.9426 0.6578 0.4379 2.6093 0.3899 0.6081 1.2968 0.3455 1.6537 0.0000 0.4013
1.6842 3.3228 2.6106 2.9166 1.5680 5.0733 1.6487 2.0529 6.0079 1.7682 2.8615 2.5613 0.7044 1.5272 0.3581 1.2699 1.7679 1.8678 1.2096 0.6369 6.2279 1.9096 0.5497 0.8729 1.1342 1.4288 1.1250 0.7499 0.5485 0.6822 1.1601 0.7159 2.7408 1.0575 0.4828 1.0338 0.5523 0.5779 0.8165 6.3710 3.3579 0.4013 0.0000
